0 500 500
1 176 308
2 908 557
3 846 73
4 26 911
5 670 606
6 35 365
7 62 327
8 746 763
9 476 692
10 511 552
11 457 357
12 104 543
13 583 243
14 327 986
15 112 375
16 157 976
17 592 150
18 836 306
19 360 586
20 218 411
21 355 731
22 45 876
23 991 476
24 582 148
25 118 293
26 965 175
27 713 185
28 782 914
29 532 820
30 784 173
31 936 797
32 822 984
33 710 661
34 88 759
35 607 151
36 16 155
37 915 189
38 96 851
39 710 921
40 641 585
41 327 874
42 675 805
43 117 88
44 646 692
45 709 315
46 17 990
47 556 947
48 788 415
49 997 575
50 713 922
51 693 619
52 12 208
53 955 194
54 635 603
55 116 104
56 777 813
57 613 64
58 60 225
59 828 27
60 564 358
61 172 954
62 45 346
63 21 123
64 292 982
65 930 973
66 185 251
67 94 842
68 689 634
69 108 484
70 700 827
71 207 912
72 221 117
73 202 861
74 665 504
75 77 293
76 459 894
77 756 791
78 512 492
79 671 666
80 856 985
81 701 278
82 540 622
83 48 871
84 894 970
85 206 569
86 278 591
87 309 418
88 760 67
89 292 309
90 236 440
91 503 84
92 864 198
93 304 152
94 782 503
95 910 351
96 620 360
97 442 273
98 442 669
99 619 763
100 207 247
101 508 934
102 984 828
103 833 425
104 928 854
105 250 528
106 27 33
107 641 433
108 311 83
109 70 971
110 910 799
111 244 312
112 483 515
113 502 262
114 39 114
115 884 556
116 201 612
117 939 247
118 635 265
119 978 165
120 421 782
121 882 615
122 421 885
123 847 996
124 617 584
125 403 248
126 142 118
127 331 146
128 2 683
129 451 283
130 313 854
131 796 5
132 463 162
133 881 196
134 544 391
135 644 755
136 573 910
137 848 820
138 437 614
139 868 985