0 500 500
1 354 887
2 594 824
3 973 340
4 66 245
5 251 403
6 426 346
7 114 203
8 587 752
9 341 515
10 941 723
11 101 10
12 774 432
13 35 344
14 54 311
15 720 88
16 2 28
17 106 624
18 444 698
19 126 631
20 451 351
21 72 972
22 413 995
23 450 930
24 302 118
25 111 448
26 981 57
27 757 721
28 141 424
29 636 889
30 228 186
31 979 146
32 336 868
33 323 213
34 688 216
35 949 617
36 404 678
37 799 34
38 119 381
39 620 29
40 391 812
41 207 723
42 863 665
43 282 824
44 614 66
45 382 216
46 496 645
47 241 934
48 206 287
49 262 793
50 568 833
51 356 468
52 528 818
53 409 265
54 549 471
55 895 116
56 213 723
57 703 615
58 713 985
59 80 970
60 943 187
61 314 137
62 540 251
63 14 598
64 477 460
65 660 518
66 139 623
67 584 975
68 694 953
69 650 362
70 886 637
71 84 752
72 910 718
73 43 680
74 998 683
75 261 406
76 441 439
77 627 393
78 50 754
79 28 841
80 954 655
81 839 279
82 955 723
83 21 823
84 987 384
85 49 623
86 501 550
87 393 348
88 302 227
89 495 374
90 468 668
91 154 262
92 484 611
93 554 848
94 968 870
95 470 518
96 917 3
97 781 829
98 804 773
99 991 297
100 820 629
101 259 24
102 956 921
103 773 973
104 859 681
105 549 1
106 585 435
107 954 797
108 33 173
109 961 136
110 687 424
111 342 263
112 426 877
113 915 244