0 500 500
1 7 301
2 521 935
3 75 882
4 225 691
5 860 42
6 286 993
7 639 148
8 209 236
9 96 281
10 43 120
11 531 874
12 901 901
13 957 901
14 626 767
15 769 469
16 19 30
17 64 18
18 184 768
19 347 175
20 392 920
21 65 127
22 647 895
23 764 214
24 683 58
25 750 865
26 21 104
27 427 949
28 182 368
29 783 507
30 785 892
31 22 928
32 161 707
33 895 50
34 586 735
35 603 624
36 455 689
37 533 835
38 414 734
39 115 511
40 730 168
41 311 781
42 982 763
43 996 745
44 864 533
45 529 359
46 76 429
47 946 114
48 818 217
49 860 450
50 493 763
51 788 711
52 108 78
53 344 967
54 583 671
55 146 851
56 133 724
57 561 91
58 193 57
59 477 867
60 993 13
61 268 124
62 561 697
63 230 463
64 271 858
65 714 731
66 955 206
67 990 465
68 297 458
69 525 549
70 785 72
71 45 744
72 57 809
73 920 604
74 811 841
75 880 704
76 875 997
77 690 854
78 382 135
79 229 178
80 655 546
81 911 303
82 108 524
83 290 58
84 684 874
85 302 336
86 565 815
87 671 29
88 585 571
89 636 748
90 872 33
91 343 424
92 574 740
93 934 867
94 941 589
95 4 714
96 460 477
97 808 601
98 101 351
99 610 984
100 5 307
101 443 692
102 42 502
103 531 62
104 575 470
105 396 273
106 625 837
107 367 628
108 205 228
109 546 429
110 451 123
111 937 568
112 976 457
113 518 257
114 157 525
115 454 60
116 668 983
117 956 827
118 205 701
119 813 243
120 659 661
121 722 390
122 52 786
123 677 836
124 883 158
125 524 171
126 562 245
127 108 327